1	2
1.004	2.002
1.008	2.00401
1.012	2.00602
1.016	2.00804
1.02	2.01006
1.024	2.01209
1.028	2.01413
1.032	2.01617
1.036	2.01821
1.04	2.02027
1.044	2.02233
1.048	2.02439
1.052	2.02646
1.056	2.02854
1.06	2.03062
1.064	2.03271
1.068	2.0348
1.072	2.0369
1.076	2.03901
1.08	2.04112
1.084	2.04323
1.088	2.04536
1.092	2.04748
1.096	2.04962
1.1	2.05176
1.104	2.0539
1.108	2.05605
1.112	2.05821
1.116	2.06037
1.12	2.06253
1.124	2.06471
1.128	2.06688
1.132	2.06907
1.136	2.07126
1.14	2.07345
1.144	2.07565
1.148	2.07785
1.152	2.08006
1.156	2.08228
1.16	2.0845
1.164	2.08673
1.168	2.08896
1.172	2.09119
1.176	2.09344
1.18	2.09568
1.184	2.09793
1.188	2.10019
1.192	2.10245
1.196	2.10472
1.2	2.107
1.204	2.10927
1.208	2.11156
1.212	2.11385
1.216	2.11614
1.22	2.11844
1.224	2.12074
1.228	2.12305
1.232	2.12536
1.236	2.12768
1.24	2.13001
1.244	2.13233
1.248	2.13467
1.252	2.13701
1.256	2.13935
1.26	2.1417
1.264	2.14405
1.268	2.14641
1.272	2.14877
1.276	2.15114
1.28	2.15351
1.284	2.15589
1.288	2.15827
1.292	2.16066
1.296	2.16305
1.3	2.16545
1.304	2.16785
1.308	2.17026
1.312	2.17267
1.316	2.17508
1.32	2.1775
1.324	2.17993
1.328	2.18236
1.332	2.18479
1.336	2.18723
1.34	2.18967
1.344	2.19212
1.348	2.19457
1.352	2.19703
1.356	2.19949
1.36	2.20196
1.364	2.20443
1.368	2.2069
1.372	2.20938
1.376	2.21187
1.38	2.21435
1.384	2.21685
1.388	2.21934
1.392	2.22185
1.396	2.22435
1.4	2.22686
1.404	2.22938
1.408	2.2319
1.412	2.23442
1.416	2.23695
1.42	2.23948
1.424	2.24202
1.428	2.24456
1.432	2.2471
1.436	2.24965
1.44	2.2522
1.444	2.25476
1.448	2.25732
1.452	2.25989
1.456	2.26246
1.46	2.26503
1.464	2.26761
1.468	2.27019
1.472	2.27278
1.476	2.27537
1.48	2.27797
1.484	2.28056
1.488	2.28317
1.492	2.28577
1.496	2.28839
1.5	2.291
1.504	2.29362
1.508	2.29624
1.512	2.29887
1.516	2.3015
1.52	2.30413
1.524	2.30677
1.528	2.30942
1.532	2.31206
1.536	2.31471
1.54	2.31737
1.544	2.32003
1.548	2.32269
1.552	2.32535
1.556	2.32802
1.56	2.3307
1.564	2.33337
1.568	2.33605
1.572	2.33874
1.576	2.34143
1.58	2.34412
1.584	2.34682
1.588	2.34952
1.592	2.35222
1.596	2.35493
1.6	2.35764
1.604	2.36035
1.608	2.36307
1.612	2.36579
1.616	2.36852
1.62	2.37125
1.624	2.37398
1.628	2.37672
1.632	2.37946
1.636	2.3822
1.64	2.38495
1.644	2.3877
1.648	2.39045
1.652	2.39321
1.656	2.39597
1.66	2.39874
1.664	2.4015
1.668	2.40428
1.672	2.40705
1.676	2.40983
1.68	2.41261
1.684	2.4154
1.688	2.41818
1.692	2.42098
1.696	2.42377
1.7	2.42657
1.704	2.42937
1.708	2.43218
1.712	2.43499
1.716	2.4378
1.72	2.44062
1.724	2.44344
1.728	2.44626
1.732	2.44908
1.736	2.45191
1.74	2.45474
1.744	2.45758
1.748	2.46042
1.752	2.46326
1.756	2.4661
1.76	2.46895
1.764	2.4718
1.768	2.47466
1.772	2.47752
1.776	2.48038
1.78	2.48324
1.784	2.48611
1.788	2.48898
1.792	2.49185
1.796	2.49473
1.8	2.49761
1.804	2.50049
1.808	2.50338
1.812	2.50627
1.816	2.50916
1.82	2.51205
1.824	2.51495
1.828	2.51785
1.832	2.52076
1.836	2.52366
1.84	2.52657
1.844	2.52949
1.848	2.5324
1.852	2.53532
1.856	2.53824
1.86	2.54117
1.864	2.5441
1.868	2.54703
1.872	2.54996
1.876	2.5529
1.88	2.55584
1.884	2.55878
1.888	2.56172
1.892	2.56467
1.896	2.56762
1.9	2.57058
1.904	2.57353
1.908	2.57649
1.912	2.57945
1.916	2.58242
1.92	2.58539
1.924	2.58836
1.928	2.59133
1.932	2.59431
1.936	2.59729
1.94	2.60027
1.944	2.60325
1.948	2.60624
1.952	2.60923
1.956	2.61222
1.96	2.61522
1.964	2.61821
1.968	2.62121
1.972	2.62422
1.976	2.62722
1.98	2.63023
1.984	2.63324
1.988	2.63626
1.992	2.63927
1.996	2.64229
2	2.64531
2.004	2.64834
2.008	2.65137
2.012	2.65439
2.016	2.65743
2.02	2.66046
2.024	2.6635
2.028	2.66654
2.032	2.66958
2.036	2.67262
2.04	2.67567
2.044	2.67872
2.048	2.68177
2.052	2.68483
2.056	2.68789
2.06	2.69095
2.064	2.69401
2.068	2.69707
2.072	2.70014
2.076	2.70321
2.08	2.70628
2.084	2.70935
2.088	2.71243
2.092	2.71551
2.096	2.71859
2.1	2.72168
2.104	2.72476
2.108	2.72785
2.112	2.73094
2.116	2.73404
2.12	2.73713
2.124	2.74023
2.128	2.74333
2.132	2.74643
2.136	2.74954
2.14	2.75265
2.144	2.75576
2.148	2.75887
2.152	2.76198
2.156	2.7651
2.16	2.76822
2.164	2.77134
2.168	2.77446
2.172	2.77759
2.176	2.78072
2.18	2.78385
2.184	2.78698
2.188	2.79011
2.192	2.79325
2.196	2.79639
2.2	2.79953
2.204	2.80267
2.208	2.80582
2.212	2.80897
2.216	2.81212
2.22	2.81527
2.224	2.81842
2.228	2.82158
2.232	2.82474
2.236	2.8279
2.24	2.83106
2.244	2.83423
2.248	2.83739
2.252	2.84056
2.256	2.84373
2.26	2.84691
2.264	2.85008
2.268	2.85326
2.272	2.85644
2.276	2.85962
2.28	2.8628
2.284	2.86599
2.288	2.86918
2.292	2.87237
2.296	2.87556
2.3	2.87875
2.304	2.88195
2.308	2.88515
2.312	2.88835
2.316	2.89155
2.32	2.89475
2.324	2.89796
2.328	2.90116
2.332	2.90437
2.336	2.90759
2.34	2.9108
2.344	2.91402
2.348	2.91723
2.352	2.92045
2.356	2.92367
2.36	2.9269
2.364	2.93012
2.368	2.93335
2.372	2.93658
2.376	2.93981
2.38	2.94304
2.384	2.94628
2.388	2.94951
2.392	2.95275
2.396	2.95599
2.4	2.95924
2.404	2.96248
2.408	2.96573
2.412	2.96897
2.416	2.97222
2.42	2.97547
2.424	2.97873
2.428	2.98198
2.432	2.98524
2.436	2.9885
2.44	2.99176
2.444	2.99502
2.448	2.99828
2.452	3.00155
2.456	3.00482
2.46	3.00809
2.464	3.01136
2.468	3.01463
2.472	3.01791
2.476	3.02118
2.48	3.02446
2.484	3.02774
2.488	3.03102
2.492	3.03431
2.496	3.03759
2.5	3.04088
2.504	3.04417
2.508	3.04746
2.512	3.05075
2.516	3.05404
2.52	3.05734
2.524	3.06063
2.528	3.06393
2.532	3.06723
2.536	3.07054
2.54	3.07384
2.544	3.07714
2.548	3.08045
2.552	3.08376
2.556	3.08707
2.56	3.09038
2.564	3.0937
2.568	3.09701
2.572	3.10033
2.576	3.10365
2.58	3.10697
2.584	3.11029
2.588	3.11361
2.592	3.11694
2.596	3.12026
2.6	3.12359
2.604	3.12692
2.608	3.13025
2.612	3.13358
2.616	3.13692
2.62	3.14025
2.624	3.14359
2.628	3.14693
2.632	3.15027
2.636	3.15361
2.64	3.15696
2.644	3.1603
2.648	3.16365
2.652	3.16699
2.656	3.17034
2.66	3.1737
2.664	3.17705
2.668	3.1804
2.672	3.18376
2.676	3.18711
2.68	3.19047
2.684	3.19383
2.688	3.19719
2.692	3.20056
2.696	3.20392
2.7	3.20729
2.704	3.21065
2.708	3.21402
2.712	3.21739
2.716	3.22077
2.72	3.22414
2.724	3.22751
2.728	3.23089
2.732	3.23427
2.736	3.23765
2.74	3.24103
2.744	3.24441
2.748	3.24779
2.752	3.25117
2.756	3.25456
2.76	3.25795
2.764	3.26134
2.768	3.26473
2.772	3.26812
2.776	3.27151
2.78	3.2749
2.784	3.2783
2.788	3.2817
2.792	3.2851
2.796	3.2885
2.8	3.2919
2.804	3.2953
2.808	3.2987
2.812	3.30211
2.816	3.30551
2.82	3.30892
2.824	3.31233
2.828	3.31574
2.832	3.31915
2.836	3.32256
2.84	3.32598
2.844	3.32939
2.848	3.33281
2.852	3.33623
2.856	3.33965
2.86	3.34307
2.864	3.34649
2.868	3.34991
2.872	3.35334
2.876	3.35677
2.88	3.36019
2.884	3.36362
2.888	3.36705
2.892	3.37048
2.896	3.37391
2.9	3.37735
2.904	3.38078
2.908	3.38422
2.912	3.38765
2.916	3.39109
2.92	3.39453
2.924	3.39797
2.928	3.40142
2.932	3.40486
2.936	3.4083
2.94	3.41175
2.944	3.4152
2.948	3.41864
2.952	3.42209
2.956	3.42554
2.96	3.429
2.964	3.43245
2.968	3.4359
2.972	3.43936
2.976	3.44281
2.98	3.44627
2.984	3.44973
2.988	3.45319
2.992	3.45665
2.996	3.46011
