1	2
1.004	2.002
1.008	2.00401
1.012	2.00603
1.016	2.00805
1.02	2.01007
1.024	2.01211
1.028	2.01415
1.032	2.01619
1.036	2.01824
1.04	2.0203
1.044	2.02236
1.048	2.02443
1.052	2.0265
1.056	2.02858
1.06	2.03066
1.064	2.03276
1.068	2.03485
1.072	2.03695
1.076	2.03906
1.08	2.04118
1.084	2.0433
1.088	2.04542
1.092	2.04755
1.096	2.04969
1.1	2.05183
1.104	2.05398
1.108	2.05613
1.112	2.05829
1.116	2.06045
1.12	2.06262
1.124	2.06479
1.128	2.06697
1.132	2.06916
1.136	2.07135
1.14	2.07355
1.144	2.07575
1.148	2.07796
1.152	2.08017
1.156	2.08239
1.16	2.08461
1.164	2.08684
1.168	2.08907
1.172	2.09131
1.176	2.09356
1.18	2.09581
1.184	2.09806
1.188	2.10032
1.192	2.10259
1.196	2.10486
1.2	2.10713
1.204	2.10941
1.208	2.1117
1.212	2.11399
1.216	2.11628
1.22	2.11858
1.224	2.12089
1.228	2.1232
1.232	2.12552
1.236	2.12784
1.24	2.13016
1.244	2.1325
1.248	2.13483
1.252	2.13717
1.256	2.13952
1.26	2.14187
1.264	2.14422
1.268	2.14658
1.272	2.14895
1.276	2.15132
1.28	2.15369
1.284	2.15607
1.288	2.15846
1.292	2.16085
1.296	2.16324
1.3	2.16564
1.304	2.16804
1.308	2.17045
1.312	2.17287
1.316	2.17528
1.32	2.17771
1.324	2.18013
1.328	2.18256
1.332	2.185
1.336	2.18744
1.34	2.18989
1.344	2.19234
1.348	2.19479
1.352	2.19725
1.356	2.19971
1.36	2.20218
1.364	2.20465
1.368	2.20713
1.372	2.20961
1.376	2.2121
1.38	2.21459
1.384	2.21708
1.388	2.21958
1.392	2.22209
1.396	2.22459
1.4	2.22711
1.404	2.22962
1.408	2.23214
1.412	2.23467
1.416	2.2372
1.42	2.23973
1.424	2.24227
1.428	2.24481
1.432	2.24736
1.436	2.24991
1.44	2.25247
1.444	2.25502
1.448	2.25759
1.452	2.26016
1.456	2.26273
1.46	2.2653
1.464	2.26788
1.468	2.27047
1.472	2.27306
1.476	2.27565
1.48	2.27824
1.484	2.28085
1.488	2.28345
1.492	2.28606
1.496	2.28867
1.5	2.29129
1.504	2.29391
1.508	2.29653
1.512	2.29916
1.516	2.30179
1.52	2.30443
1.524	2.30707
1.528	2.30972
1.532	2.31236
1.536	2.31502
1.54	2.31767
1.544	2.32033
1.548	2.32299
1.552	2.32566
1.556	2.32833
1.56	2.33101
1.564	2.33369
1.568	2.33637
1.572	2.33906
1.576	2.34175
1.58	2.34444
1.584	2.34714
1.588	2.34984
1.592	2.35254
1.596	2.35525
1.6	2.35797
1.604	2.36068
1.608	2.3634
1.612	2.36612
1.616	2.36885
1.62	2.37158
1.624	2.37432
1.628	2.37705
1.632	2.37979
1.636	2.38254
1.64	2.38529
1.644	2.38804
1.648	2.3908
1.652	2.39355
1.656	2.39632
1.66	2.39908
1.664	2.40185
1.668	2.40463
1.672	2.4074
1.676	2.41018
1.68	2.41296
1.684	2.41575
1.688	2.41854
1.692	2.42134
1.696	2.42413
1.7	2.42693
1.704	2.42974
1.708	2.43254
1.712	2.43535
1.716	2.43817
1.72	2.44098
1.724	2.4438
1.728	2.44663
1.732	2.44945
1.736	2.45228
1.74	2.45512
1.744	2.45795
1.748	2.46079
1.752	2.46364
1.756	2.46648
1.76	2.46933
1.764	2.47218
1.768	2.47504
1.772	2.4779
1.776	2.48076
1.78	2.48363
1.784	2.48649
1.788	2.48937
1.792	2.49224
1.796	2.49512
1.8	2.498
1.804	2.50088
1.808	2.50377
1.812	2.50666
1.816	2.50955
1.82	2.51245
1.824	2.51535
1.828	2.51825
1.832	2.52116
1.836	2.52406
1.84	2.52697
1.844	2.52989
1.848	2.53281
1.852	2.53573
1.856	2.53865
1.86	2.54157
1.864	2.5445
1.868	2.54743
1.872	2.55037
1.876	2.55331
1.88	2.55625
1.884	2.55919
1.888	2.56214
1.892	2.56509
1.896	2.56804
1.9	2.57099
1.904	2.57395
1.908	2.57691
1.912	2.57987
1.916	2.58284
1.92	2.58581
1.924	2.58878
1.928	2.59175
1.932	2.59473
1.936	2.59771
1.94	2.60069
1.944	2.60368
1.948	2.60667
1.952	2.60966
1.956	2.61265
1.96	2.61565
1.964	2.61864
1.968	2.62165
1.972	2.62465
1.976	2.62766
1.98	2.63067
1.984	2.63368
1.988	2.63669
1.992	2.63971
1.996	2.64273
2	2.64575
2.004	2.64878
2.008	2.6518
2.012	2.65483
2.016	2.65787
2.02	2.6609
2.024	2.66394
2.028	2.66698
2.032	2.67002
2.036	2.67307
2.04	2.67612
2.044	2.67917
2.048	2.68222
2.052	2.68528
2.056	2.68833
2.06	2.69139
2.064	2.69446
2.068	2.69752
2.072	2.70059
2.076	2.70366
2.08	2.70673
2.084	2.70981
2.088	2.71288
2.092	2.71596
2.096	2.71905
2.1	2.72213
2.104	2.72522
2.108	2.72831
2.112	2.7314
2.116	2.73449
2.12	2.73759
2.124	2.74069
2.128	2.74379
2.132	2.74689
2.136	2.75
2.14	2.75311
2.144	2.75622
2.148	2.75933
2.152	2.76245
2.156	2.76556
2.16	2.76868
2.164	2.7718
2.168	2.77493
2.172	2.77805
2.176	2.78118
2.18	2.78431
2.184	2.78745
2.188	2.79058
2.192	2.79372
2.196	2.79686
2.2	2.8
2.204	2.80314
2.208	2.80629
2.212	2.80944
2.216	2.81259
2.22	2.81574
2.224	2.8189
2.228	2.82205
2.232	2.82521
2.236	2.82837
2.24	2.83154
2.244	2.8347
2.248	2.83787
2.252	2.84104
2.256	2.84421
2.26	2.84738
2.264	2.85056
2.268	2.85374
2.272	2.85692
2.276	2.8601
2.28	2.86328
2.284	2.86647
2.288	2.86966
2.292	2.87285
2.296	2.87604
2.3	2.87924
2.304	2.88243
2.308	2.88563
2.312	2.88883
2.316	2.89203
2.32	2.89524
2.324	2.89844
2.328	2.90165
2.332	2.90486
2.336	2.90807
2.34	2.91129
2.344	2.9145
2.348	2.91772
2.352	2.92094
2.356	2.92416
2.36	2.92739
2.364	2.93061
2.368	2.93384
2.372	2.93707
2.376	2.9403
2.38	2.94354
2.384	2.94677
2.388	2.95001
2.392	2.95325
2.396	2.95649
2.4	2.95973
2.404	2.96297
2.408	2.96622
2.412	2.96947
2.416	2.97272
2.42	2.97597
2.424	2.97922
2.428	2.98248
2.432	2.98574
2.436	2.989
2.44	2.99226
2.444	2.99552
2.448	2.99878
2.452	3.00205
2.456	3.00532
2.46	3.00859
2.464	3.01186
2.468	3.01513
2.472	3.01841
2.476	3.02168
2.48	3.02496
2.484	3.02824
2.488	3.03153
2.492	3.03481
2.496	3.03809
2.5	3.04138
2.504	3.04467
2.508	3.04796
2.512	3.05125
2.516	3.05455
2.52	3.05784
2.524	3.06114
2.528	3.06444
2.532	3.06774
2.536	3.07104
2.54	3.07435
2.544	3.07765
2.548	3.08096
2.552	3.08427
2.556	3.08758
2.56	3.09089
2.564	3.0942
2.568	3.09752
2.572	3.10084
2.576	3.10415
2.58	3.10747
2.584	3.1108
2.588	3.11412
2.592	3.11745
2.596	3.12077
2.6	3.1241
2.604	3.12743
2.608	3.13076
2.612	3.13409
2.616	3.13743
2.62	3.14076
2.624	3.1441
2.628	3.14744
2.632	3.15078
2.636	3.15412
2.64	3.15747
2.644	3.16081
2.648	3.16416
2.652	3.16751
2.656	3.17086
2.66	3.17421
2.664	3.17756
2.668	3.18092
2.672	3.18427
2.676	3.18763
2.68	3.19099
2.684	3.19435
2.688	3.19771
2.692	3.20107
2.696	3.20444
2.7	3.2078
2.704	3.21117
2.708	3.21454
2.712	3.21791
2.716	3.22128
2.72	3.22466
2.724	3.22803
2.728	3.23141
2.732	3.23478
2.736	3.23816
2.74	3.24154
2.744	3.24492
2.748	3.24831
2.752	3.25169
2.756	3.25508
2.76	3.25847
2.764	3.26185
2.768	3.26524
2.772	3.26864
2.776	3.27203
2.78	3.27542
2.784	3.27882
2.788	3.28222
2.792	3.28561
2.796	3.28901
2.8	3.29242
2.804	3.29582
2.808	3.29922
2.812	3.30263
2.816	3.30603
2.82	3.30944
2.824	3.31285
2.828	3.31626
2.832	3.31967
2.836	3.32309
2.84	3.3265
2.844	3.32992
2.848	3.33333
2.852	3.33675
2.856	3.34017
2.86	3.34359
2.864	3.34701
2.868	3.35044
2.872	3.35386
2.876	3.35729
2.88	3.36071
2.884	3.36414
2.888	3.36757
2.892	3.371
2.896	3.37444
2.9	3.37787
2.904	3.3813
2.908	3.38474
2.912	3.38818
2.916	3.39162
2.92	3.39506
2.924	3.3985
2.928	3.40194
2.932	3.40538
2.936	3.40883
2.94	3.41227
2.944	3.41572
2.948	3.41917
2.952	3.42262
2.956	3.42607
2.96	3.42952
2.964	3.43297
2.968	3.43643
2.972	3.43988
2.976	3.44334
2.98	3.4468
2.984	3.45025
2.988	3.45371
2.992	3.45718
2.996	3.46064
